000000000000000
000000000000000
000000000000000
000000000000000
000000000000000
000000000000000
000000000000000
000000000000000
000000000000000
000000000000000
000000000000000
000000000000000
000000000000000
000000000000000
000000000000000
000000000000000
000000000000000
000000000000000
000000000000000
000000000000000
111110011101110
111100111011101
111011011001011
111001110111010
111000010101000
110110110010111
110101010000101
110011101110100
110010001100010
110000101010000
101111000111111
101101100101101
101100000011100
101010100001010
101000111111001
100111011100111
100101111010110
100100011000100
100010110110011
100001010100001
111111001000010
111110010000101
111101011000111
111100100001001
111011101001100
111010110001110
111001111010000
111001000010011
111000001010101
110111010010111
110110011011010
110101100011100
110100101011110
110011110100001
110010111100011
110010000100101
110001001101000
110000010101010
101111011101100
101110100101111
000001000010101
000010000101001
000011000111110
000100001010011
000101001101000
000110001111100
000111010010001
001000010100110
001001010111010
001010011001111
001011011100100
001100011111001
001101100001101
001110100100010
001111100110111
010000101001011
010001101100000
010010101110101
010011110001010
010100110011110
000001011101100
000010111011000
000100011000100
000101110110000
000111010011011
001000110000111
001010001110011
001011101011111
001101001001011
001110100110111
010000000100011
010001100001111
010010111111011
010100011100110
010101111010010
010111010111110
011000110101010
011010010010110
011011110000010
011101001101110
111111110010100
111111100100111
111111010111011
111111001001110
111110111100010
111110101110101
111110100001001
111110010011101
111110000110000
111101111000100
111101101010111
111101011101011
111101001111111
111101000010010
111100110100110
111100100111001
111100011001101
111100001100000
111011111110100
111011110001000
111110011010111
111100110101101
111011010000100
111001101011010
111000000110001
110110100001000
110100111011110
110011010110101
110001110001011
110000001100010
101110100111001
101101000001111
101011011100110
101001110111100
101000010010011
100110101101010
100101001000000
100011100010111
100001111101101
100000011000100
111111010100001
111110101000010
111101111100100
111101010000101
111100100100110
111011111000111
111011001101001
111010100001010
111001110101011
111001001001100
111000011101110
110111110001111
110111000110000
110110011010001
110101101110010
110101000010100
110100010110101
110011101010110
110010111110111
110010010011001
000001001100010
000010011000101
000011100100111
000100110001010
000101111101100
000111001001110
001000010110001
001001100010011
001010101110110
001011111011000
001101000111010
001110010011101
001111011111111
010000101100010
010001111000100
010011000100110
010100010001001
010101011101011
010110101001110
010111110110000
000001010111001
000010101110010
000100000101011
000101011100100
000110110011101
001000001010110
001001100001111
001010111001000
001100010000010
001101100111011
001110111110100
010000010101101
010001101100110
010011000011111
010100011011000
010101110010001
010111001001010
011000100000011
011001110111100
011011001110101
111111100101001
111111001010010
111110101111011
111110010100100
111101111001101
111101011110110
111101000011111
111100101001001
111100001110010
111011110011011
111011011000100
111010111101101
111010100010110
111010000111111
111001101101000
111001010010001
111000110111010
111000011100011
111000000001100
110111100110101
111110011001101
111100110011010
111011001100111
111001100110100
111000000000001
110110011001110
110100110011011
110011001101000
110001100110101
110000000000010
101110011001111
101100110011100
101011001101001
101001100110110
101000000000011
100110011010000
100100110011101
100011001101010
100001100110111
100000000000100
111111100000110
111111000001101
111110100010011
111110000011001
111101100011111
111101000100110
111100100101100
111100000110010
111011100111001
111011000111111
111010101000101
111010001001100
111001101010010
111001001011000
111000101011110
111000001100101
110111101101011
110111001110001
110110101111000
110110001111110
000001010100101
000010101001011
000011111110000
000101010010101
000110100111011
000111111100000
001001010000101
001010100101011
001011111010000
001101001110101
001110100011011
001111111000000
010001001100101
010010100001011
010011110110000
010101001010101
010110011111011
010111110100000
011001001000101
011010011101011
000001001111010
000010011110100
000011101101110
000100111101000
000110001100010
000111011011100
001000101010110
001001111010000
001011001001010
001100011000100
001101100111110
001110110111000
010000000110010
010001010101100
010010100100110
010011110100000
010101000011010
010110010010011
010111100001101
011000110000111
111111011000010
111110110000101
111110001000111
111101100001001
111100111001100
111100010001110
111011101010000
111011000010011
111010011010101
111001110010111
111001001011010
111000100011100
110111111011110
110111010100001
110110101100011
110110000100101
110101011101000
110100110101010
110100001101100
110011100101111
111110011010010
111100110100100
111011001110101
111001101000111
111000000011001
110110011101011
110100110111101
110011010001110
110001101100000
110000000110010
101110100000100
101100111010110
101011010100111
101001101111001
101000001001011
100110100011101
100100111101111
100011011000001
100001110010010
100000001100100
111111101110000
111111011100000
111111001001111
111110110111111
111110100101111
111110010011111
111110000001110
111101101111110
111101011101110
111101001011110
111100111001101
111100100111101
111100010101101
111100000011101
111011110001100
111011011111100
111011001101100
111010111011100
111010101001011
111010010111011
000001011011100
000010110111001
000100010010101
000101101110001
000111001001110
001000100101010
001010000000111
001011011100011
001100110111111
001110010011100
001111101111000
010001001010100
010010100110001
010100000001101
010101011101001
010110111000110
011000010100010
011001101111111
011011001011011
011100100110111
000001000110000
000010001011111
000011010001111
000100010111111
000101011101111
000110100011110
000111101001110
001000101111110
001001110101110
001010111011101
001100000001101
001101000111101
001110001101100
001111010011100
010000011001100
010001011111100
010010100101011
010011101011011
010100110001011
010101110111011
111111001100001
111110011000010
111101100100100
111100110000101
111011111100110
111011001000111
111010010101000
111001100001001
111000101101011
110111111001100
110111000101101
110110010001110
110101011101111
110100101010001
110011110110010
110011000010011
110010001110100
110001011010101
110000100110111
101111110011000
111110011100101
111100111001010
111011010101111
111001110010100
111000001111001
110110101011110
110101001000011
110011100100111
110010000001100
110000011110001
101110111010110
101101010111011
101011110100000
101010010000101
101000101101010
100111001001111
100101100110100
100100000011001
100010011111110
100000111100011
111111111011100
111111110111000
111111110010011
111111101101111
111111101001011
111111100100111
111111100000010
111111011011110
111111010111010
111111010010110
111111001110001
111111001001101
111111000101001
111111000000101
111110111100000
111110110111100
111110110011000
111110101110100
111110101001111
111110100101011
000001100000111
000011000001101
000100100010100
000110000011010
000111100100001
001001000100111
001010100101110
001100000110100
001101100111011
001111001000001
010000101001000
010010001001110
010011101010101
010101001011011
010110101100010
011000001101000
011001101101111
011011001110101
011100101111100
011110010000010
000000111011100
000001110110111
000010110010011
000011101101111
000100101001010
000101100100110
000110100000001
000111011011101
001000010111001
001001010010100
001010001110000
001011001001100
001100000100111
001101000000011
001101111011111
001110110111010
001111110010110
010000101110001
010001101001101
010010100101001
111111000000111
111110000001111
111101000010110
111100000011101
111011000100101
111010000101100
111001000110011
111000000111011
110111001000010
110110001001001
110101001010001
110100001011000
110011001011111
110010001100111
110001001101110
110000001110101
101111001111101
101110010000100
101101010001011
101100010010011
111110100000110
111101000001100
111011100010010
111010000011000
111000100011110
110111000100100
110101100101010
110100000110000
110010100110111
110001000111101
101111101000011
101110001001001
101100101001111
101011001010101
101001101011011
101000001100001
100110101100111
100101001101101
100011101110011
100010001111001
000000001001000
000000010010001
000000011011001
000000100100010
000000101101010
000000110110010
000000111111011
000001001000011
000001010001100
000001011010100
000001100011100
000001101100101
000001110101101
000001111110101
000010000111110
000010010000110
000010011001111
000010100010111
000010101011111
000010110101000
000001100100011
000011001000110
000100101101001
000110010001100
000111110101111
001001011010010
001010111110101
001100100011000
001110000111011
001111101011110
010001010000001
010010110100100
010100011000111
010101111101010
010111100001101
011001000110000
011010101010011
011100001110110
011101110011001
011111010111100
000000101111111
000001011111110
000010001111110
000010111111101
000011101111100
000100011111011
000101001111010
000101111111001
000110101111001
000111011111000
001000001110111
001000111110110
001001101110101
001010011110100
001011001110100
001011111110011
001100101110010
001101011110001
001110001110000
001110111110000
111110110110110
111101101101101
111100100100011
111011011011001
111010010010000
111001001000110
110111111111101
110110110110011
110101101101001
110100100100000
110011011010110
110010010001100
110001001000011
101111111111001
101110110110000
101101101100110
101100100011100
101011011010011
101010010001001
101001000111111
111110100110101
111101001101001
111011110011110
111010011010010
111001000000111
110111100111011
110110001110000
110100110100101
110011011011001
110010000001110
110000101000010
101111001110111
101101110101100
101100011100000
101011000010101
101001101001001
101000001111110
100110110110010
100101011100111
100100000011100
000000010110100
000000101101000
000001000011011
000001011001111
000001110000011
000010000110111
000010011101010
000010110011110
000011001010010
000011100000110
000011110111001
000100001101101
000100100100001
000100111010101
000101010001000
000101100111100
000101111110000
000110010100100
000110101010111
000111000001011
000001100110001
000011001100011
000100110010100
000110011000110
000111111110111
001001100101000
001011001011010
001100110001011
001110010111101
001111111101110
010001100011111
010011001010001
010100110000010
010110010110100
010111111100101
011001100010110
011011001001000
011100101111001
011110010101011
011111111011100
000000100011100
000001000111000
000001101010100
000010001110000
000010110001100
000011010101000
000011111000100
000100011100000
000100111111100
000101100011000
000110000110100
000110101010000
000111001101100
000111110001000
001000010100100
001000111000000
001001011011100
001001111111000
001010100010100
001011000110000
111110101110000
111101011011111
111100001001111
111010110111111
111001100101111
111000010011110
110111000001110
110101101111110
110100011101101
110011001011101
110001111001101
110000100111101
101111010101100
101110000011100
101100110001100
101011011111011
101010001101011
101000111011011
100111101001011
100110010111010
111110101110000
111101011011111
111100001001111
111010110111111
111001100101110
111000010011110
110111000001110
110101101111110
110100011101101
110011001011101
110001111001101
110000100111100
101111010101100
101110000011100
101100110001011
101011011111011
101010001101011
101000111011011
100111101001010
100110010111010
000000100011100
000001000111000
000001101010100
000010001110000
000010110001100
000011010101000
000011111000100
000100011100000
000100111111100
000101100011000
000110000110011
000110101001111
000111001101011
000111110000111
001000010100011
001000110111111
001001011011011
001001111110111
001010100010011
001011000101111
000001100110001
000011001100011
000100110010100
000110011000110
000111111110111
001001100101000
001011001011010
001100110001011
001110010111101
001111111101110
010001100011111
010011001010001
010100110000010
010110010110100
010111111100101
011001100010110
011011001001000
011100101111001
011110010101011
011111111011100
000000010110100
000000101101000
000001000011011
000001011001111
000001110000011
000010000110111
000010011101010
000010110011110
000011001010010
000011100000110
000011110111010
000100001101101
000100100100001
000100111010101
000101010001001
000101100111100
000101111110000
000110010100100
000110101011000
000111000001100
111110100110101
111101001101001
111011110011110
111010011010010
111001000000111
110111100111100
110110001110000
110100110100101
110011011011001
110010000001110
110000101000011
101111001110111
101101110101100
101100011100000
101011000010101
101001101001010
101000001111110
100110110110011
100101011100111
100100000011100
111110110110110
111101101101101
111100100100011
111011011011001
111010010010000
111001001000110
110111111111100
110110110110011
110101101101001
110100100100000
110011011010110
110010010001100
110001001000011
101111111111001
101110110101111
101101101100110
101100100011100
101011011010010
101010010001001
101001000111111
000000101111111
000001011111110
000010001111101
000010111111101
000011101111100
000100011111011
000101001111010
000101111111001
000110101111000
000111011111000
001000001110111
001000111110110
001001101110101
001010011110100
001011001110011
001011111110010
001100101110010
001101011110001
001110001110000
001110111101111
000001100100011
000011001000110
000100101101001
000110010001100
000111110101111
001001011010010
001010111110101
001100100011000
001110000111011
001111101011110
010001010000001
010010110100100
010100011000111
010101111101010
010111100001101
011001000110000
011010101010011
011100001110110
011101110011001
011111010111100
000000001001000
000000010010001
000000011011001
000000100100010
000000101101010
000000110110010
000000111111011
000001001000011
000001010001100
000001011010100
000001100011101
000001101100101
000001110101101
000001111110110
000010000111110
000010010000111
000010011001111
000010100010111
000010101100000
000010110101000
111110100000110
111101000001100
111011100010010
111010000011000
111000100011110
110111000100100
110101100101010
110100000110001
110010100110111
110001000111101
101111101000011
101110001001001
101100101001111
101011001010101
101001101011011
101000001100001
100110101100111
100101001101101
100011101110011
100010001111001
111111000000111
111110000001111
111101000010110
111100000011101
111011000100101
111010000101100
111001000110011
111000000111011
110111001000010
110110001001001
110101001010001
110100001011000
110011001011111
110010001100110
110001001101110
110000001110101
101111001111100
101110010000100
101101010001011
101100010010010
000000111011100
000001110110111
000010110010011
000011101101110
000100101001010
000101100100110
000110100000001
000111011011101
001000010111001
001001010010100
001010001110000
001011001001011
001100000100111
001101000000011
001101111011110
001110110111010
001111110010101
010000101110001
010001101001101
010010100101000
000001100000111
000011000001101
000100100010100
000110000011010
000111100100001
001001000100111
001010100101110
001100000110100
001101100111011
001111001000001
010000101001000
010010001001110
010011101010101
010101001011011
010110101100010
011000001101000
011001101101111
011011001110101
011100101111100
011110010000010
111111111011100
111111110111000
111111110010011
111111101101111
111111101001011
111111100100111
111111100000010
111111011011110
111111010111010
111111010010110
111111001110010
111111001001101
111111000101001
111111000000101
111110111100001
111110110111100
111110110011000
111110101110100
111110101010000
111110100101100
111110011100101
111100111001010
111011010101111
111001110010100
111000001111001
110110101011110
110101001000011
110011100101000
110010000001100
110000011110001
101110111010110
101101010111011
101011110100000
101010010000101
101000101101010
100111001001111
100101100110100
100100000011001
100010011111110
100000111100011
111111001100001
111110011000010
111101100100011
111100110000101
111011111100110
111011001000111
111010010101000
111001100001001
111000101101010
110111111001100
110111000101101
110110010001110
110101011101111
110100101010000
110011110110001
110011000010011
110010001110100
110001011010101
110000100110110
101111110010111
000001000110000
000010001011111
000011010001111
000100010111111
000101011101111
000110100011110
000111101001110
001000101111110
001001110101101
001010111011101
001100000001101
001101000111101
001110001101100
001111010011100
010000011001100
010001011111011
010010100101011
010011101011011
010100110001010
010101110111010
000001011011100
000010110111001
000100010010101
000101101110001
000111001001110
001000100101010
001010000000111
001011011100011
001100110111111
001110010011100
001111101111000
010001001010100
010010100110001
010100000001101
010101011101010
010110111000110
011000010100010
011001101111111
011011001011011
011100100110111
111111101110000
111111011100000
111111001001111
111110110111111
111110100101111
111110010011111
111110000001110
111101101111110
111101011101110
111101001011110
111100111001110
111100100111101
111100010101101
111100000011101
111011110001101
111011011111101
111011001101100
111010111011100
111010101001100
111010010111100
111110011010010
111100110100100
111011001110101
111001101000111
111000000011001
110110011101011
110100110111101
110011010001110
110001101100000
110000000110010
101110100000100
101100111010110
101011010101000
101001101111001
101000001001011
100110100011101
100100111101111
100011011000001
100001110010010
100000001100100
111111011000010
111110110000101
111110001000111
111101100001001
111100111001100
111100010001110
111011101010000
111011000010010
111010011010101
111001110010111
111001001011001
111000100011100
110111111011110
110111010100000
110110101100011
110110000100101
110101011100111
110100110101010
110100001101100
110011100101110
000001001111010
000010011110100
000011101101110
000100111101000
000110001100010
000111011011100
001000101010110
001001111010000
001011001001010
001100011000100
001101100111110
001110110110111
010000000110001
010001010101011
010010100100101
010011110011111
010101000011001
010110010010011
010111100001101
011000110000111
000001010100101
000010101001011
000011111110000
000101010010101
000110100111011
000111111100000
001001010000101
001010100101011
001011111010000
001101001110110
001110100011011
001111111000000
010001001100110
010010100001011
010011110110000
010101001010110
010110011111011
010111110100000
011001001000110
011010011101011
111111100000110
111111000001101
111110100010011
111110000011001
111101100100000
111101000100110
111100100101100
111100000110011
111011100111001
111011000111111
111010101000110
111010001001100
111001101010010
111001001011001
111000101011111
111000001100101
110111101101011
110111001110010
110110101111000
110110001111110
111110011001101
111100110011010
111011001100111
111001100110100
111000000000001
110110011001110
110100110011011
110011001101000
110001100110101
110000000000010
101110011001111
101100110011100
101011001101001
101001100110110
101000000000011
100110011010000
100100110011101
100011001101010
100001100110111
100000000000100
111111100101001
111111001010010
111110101111011
111110010100100
111101111001101
111101011110110
111101000011111
111100101001000
111100001110001
111011110011010
111011011000011
111010111101100
111010100010110
111010000111111
111001101101000
111001010010001
111000110111010
111000011100011
111000000001100
110111100110101
000001010111001
000010101110010
000100000101011
000101011100100
000110110011101
001000001010110
001001100001111
001010111001000
001100010000001
001101100111010
001110111110100
010000010101101
010001101100110
010011000011111
010100011011000
010101110010001
010111001001010
011000100000011
011001110111100
011011001110101
000001001100010
000010011000101
000011100100111
000100110001010
000101111101100
000111001001110
001000010110001
001001100010011
001010101110110
001011111011000
001101000111011
001110010011101
001111011111111
010000101100010
010001111000100
010011000100111
010100010001001
010101011101011
010110101001110
010111110110000
111111010100001
111110101000011
111101111100100
111101010000101
111100100100110
111011111001000
111011001101001
111010100001010
111001110101011
111001001001101
111000011101110
110111110001111
110111000110000
110110011010010
110101101110011
110101000010100
110100010110101
110011101010111
110010111111000
110010010011001
111110011010111
111100110101101
111011010000100
111001101011010
111000000110001
110110100001000
110100111011110
110011010110101
110001110001011
110000001100010
101110100111001
101101000001111
101011011100110
101001110111100
101000010010011
100110101101010
100101001000000
100011100010111
100001111101101
100000011000100
111111110010100
111111100100111
111111010111011
111111001001110
111110111100010
111110101110101
111110100001001
111110010011100
111110000110000
111101111000100
111101101010111
111101011101011
111101001111110
111101000010010
111100110100101
111100100111001
111100011001100
111100001100000
111011111110100
111011110000111
000001011101100
000010111011000
000100011000100
000101110101111
000111010011011
001000110000111
001010001110011
001011101011111
001101001001011
001110100110111
010000000100011
010001100001110
010010111111010
010100011100110
010101111010010
010111010111110
011000110101010
011010010010110
011011110000010
011101001101101
000001000010101
000010000101001
000011000111110
000100001010011
000101001101000
000110001111100
000111010010001
001000010100110
001001010111011
001010011001111
001011011100100
001100011111001
001101100001110
001110100100010
001111100110111
010000101001100
010001101100000
010010101110101
010011110001010
010100110011111
111111001000010
111110010000101
111101011000111
111100100001001
111011101001100
111010110001110
111001111010001
111001000010011
111000001010101
110111010011000
110110011011010
110101100011100
110100101011111
110011110100001
110010111100011
110010000100110
110001001101000
110000010101010
101111011101101
101110100101111
111110011101110
111100111011101
111011011001011
111001110111010
111000010101000
110110110010111
110101010000101
110011101110100
110010001100010
110000101010000
101111000111111
101101100101101
101100000011100
101010100001010
101000111111001
100111011100111
100101111010110
100100011000100
100010110110010
100001010100001
000000000000000
000000000000000
000000000000000
000000000000000
000000000000000
000000000000000
000000000000000
000000000000000
000000000000000
000000000000000
000000000000000
000000000000000
000000000000000
000000000000000
000000000000000
000000000000000
000000000000000
000000000000000
000000000000000
000000000000000
